40.10594310015922 -88.22728640012006 3
40.10594310015922 -88.22728640012006 7
40.10594310015922 -88.22728640012006 15
40.10594310015922 -88.22728640012006 30
40.10594310015922 -88.22728640012006 60
40.10594310015922 -88.22728640012006 120
40.10594310015922 -88.22728640012006 250
40.10594310015922 -88.22728640012006 500
40.10594310015922 -88.22728640012006 1000
40.10594310015922 -88.22728640012006 2000
40.10594310015922 -88.22728640012006 4000
40.10594310015922 -88.22728640012006 8000
40.10594310015922 -88.22728640012006 16000
40.10594310015922 -88.22728640012006 32000
40.10594310015922 -88.22728640012006 64000
40.10594310015922 -88.22728640012006 128000
40.10594310015922 -88.22728640012006 256000
40.10594310015922 -88.22728640012006 512000
40.10594310015922 -88.22728640012006 1024000
40.10594310015922 -88.22728640012006 2048000
40.10594310015922 -88.22728640012006 4000000
40.10594310015922 -88.22728640012006 8000000